0001  40  70  50  55  50  50
0003  30  50  55  45  60  30
0006  70  70  45  50  45  40
0007  30  40  50  50  50  50
0008  50  60  35  55  45  60
0009  40  50  50  60  55  60
0010  50  40  40  40  50  30
0013  30  50  30  50  40  50
0015  40  40  35  40  45  30
0018  40  60  40  40  35  40
0020  50  30  40  35  50  20
0021  40  50  35  70  60  60
0022  40  60  35  60  50  50
0023  50  60  40  50  55  30
0027  40  40  45  60  70  40
0029  30  50  40  40  45  30
0031  50  60  45  40  50  30
0032  30  50  50  45  55  40
0035  50  40  40  50  45  50
0036  50  60  50  50  50  50
0039  60  50  45  65  55  70
0043  50  60  50  45  50  40
0045  50  50  35  40  40  40
0047  50  40  30  35  40  30
0048  60  60  65  60  50  70
0053  40  50  50  45  50  50
0054  30  40  40  40  50  30
0055  30  40  45  50  50  50
0063  50  40  45  55  35  70
0064  40  50  55  40  45  40
0065  60  50  30  50  40  50
0066  30  40  50  45  45  40
0067  40  50  45  40  40  40
0068  60  40  50  45  60  30
0069  40  70  35  45  40  40
0070  50  40  50  45  50  30
0071  40  50  40  45  50  30
0072  40  50  40  45  40  40
0076  50  60  40  60  55  60
0077  30  60  45  55  45  60
0083  70  40  55  40  50  40
0085  70  40  45  55  50  50
0086  50  50  40  40  50  30
0087  40  50  40  40  35  40
0089  30  40  45  40  50  30
0090  40  50  40  45  35  50
0092  30  40  45  45  45  30
0093  50  50  40  55  60  40
0094  40  50  45  50  55  40
0097  60  50  30  60  40  70
0103  50  40  40  55  55  50
0104  40  40  50  45  60  30
0105  40  50  45  60  55  60
0106  30  50  45  40  40  40
0108  40  50  40  50  45  40
0109  50  50  40  45  40  40
0110  40  40  30  45  40  40
0111  60  50  45  45  55  40
0112  40  40  40  50  50  40
0115  40  50  40  45  55  30
0116  50  50  30  40  35  40
0117  30  60  45  45  55  40
0118  30  50  40  60  60  50
0120  30  50  35  45  35  50
0121  50  40  45  50  50  50
0122  30  60  50  40  50  30
0123  40  40  45  60  65  40
0125  40  50  55  45  55  40
0127  40  50  30  65  45  70
0129  40  40  35  45  45  40
0131  40  60  40  50  45  40
0132  50  50  35  50  45  40
0133  50  50  55  45  50  40
0134  50  50  50  85  55  90
0136  40  40  35  55  50  40
0137  40  60  45  45  50  50
0138  50  70  45  50  45  50
0140  50  40  40  55  45  50
0142  60  40  50  45  45  50
0144  60  50  40  50  60  30
0145  50  50  40  45  50  30
0146  40  50  35  55  50  50
0147  40  40  35  50  40  50
0150  30  50  40  55  50  40
0151  50  40  55  50  50  50
0153  40  60  40  55  45  60
0154  60  70  40  50  40  50
0156  40  70  40  40  40  40
0157  50  40  50  55  50  50
0159  60  70  50  45  50  40
0160  40  50  35  40  40  40
0161  50  40  40  55  50  50
0162  40  50  45  45  50  40
0163  50  50  40  50  45  50
0164  70  60  50  45  45  50
0166  30  40  45  55  50  50
0167  30  40  55  45  55  40
0168  60  50  45  45  40  40
0169  40  60  45  60  65  50
0170  50  50  35  45  35  50
0172  60  70  45  45  45  40
0173  50  50  45  45  50  30
0174  60  40  45  40  50  30
0177  40  50  40  45  50  30
0180  40  70  40  40  40  40
0182  70  60  45  65  55  60
0184  60  60  50  45  50  40
0185  50  50  30  50  45  40
0186  50  60  45  45  50  30
0187  40  60  40  50  55  40
0191  40  50  30  50  35  60
0194  40  60  50  55  50  50
0199  40  50  45  55  50  40
0201  50  70  45  45  45  40
0202  70  50  45  40  40  40
0203  30  60  35  40  45  30
0204  30  60  40  50  50  40
0205  40  50  50  45  50  40
0206  40  60  35  45  50  30
0209  40  50  45  60  65  50
0210  50  50  40  50  45  40
0212  50  40  45  50  50  50
0214  30  50  30  50  45  40
0215  40  50  35  50  50  40
0216  40  50  45  50  50  50
0217  40  40  40  50  50  40
0218  40  50  55  50  55  50
0220  50  50  40  65  50  70
0222  50  50  40  55  50  50
0224  40  60  55  60  65  40
0226  60  50  40  50  45  50
0227  40  50  35  40  40  30
0228  50  50  40  60  55  50
0229  30  70  40  40  40  30
0230  40  50  35  55  55  40
0231  60  40  45  50  45  60
0232  60  50  40  55  50  50
0234  60  50  40  60  55  50
0235  60  50  50  50  45  50
0239  30  70  50  55  50  60
0240  50  60  40  45  45  40
0241  40  40  40  50  55  40
0242  30  60  60  40  55  40
0244  60  40  50  45  50  40
0245  40  50  40  50  55  40
0247  50  60  55  50  65  30
0249  40  50  60  60  55  70
0250  60  40  50  55  60  50
0251  30  70  50  60  60  50
0253  90  50  45  50  55  40
0255  50  40  45  55  50  50
0258  40  50  45  50  45  50
0259  60  50  45  50  40  50
0260  60  50  45  40  40  40
0262  30  60  35  55  50  50
0263  40  40  45  45  50  40
0265  50  40  50  50  65  30
0266  60  40  45  45  55  30
0272  40  50  65  40  50  40
0273  50  70  35  40  40  40
0274  50  40  45  45  50  40
0276  50  40  50  60  60  50
0281  50  40  45  60  45  70
0283  30  40  40  45  45  30
0284  50  40  45  55  40  70
0285  50  70  45  45  45  50
0286  50  40  45  45  45  40
0288  30  60  50  40  50  30
0289  50  60  45  60  55  60
0291  50  40  35  50  50  30
0292  50  70  40  40  45  30
0293  40  60  40  50  50  40
0294  40  60  45  55  60  50
0298  30  50  45  45  50  40
0299  30  50  45  40  40  40
0301  60  50  45  45  45  40
0302  50  60  50  55  50  50
0303  40  50  30  45  40  40
0305  40  50  30  50  40  50
0306  60  60  40  45  45  40
0307  30  70  55  40  55  40
0309  50  40  45  50  55  50
0310  50  40  55  55  50  50
0311  40  40  55  50  50  50
0312  50  40  55  40  45  40
0314  60  40  35  55  50  50
0316  40  60  35  40  35  40
0324  50  50  35  55  40  70
0330  40  50  50  35  50  30
0331  40  60  40  40  40  40
0332  40  40  40  55  50  50
0333  40  50  50  35  35  30
0334  50  40  30  60  45  60
0335  50  40  50  50  55  40
0336  50  60  50  55  45  60
0338  50  50  40  50  50  40
0339  50  60  40  40  45  40
0340  50  50  60  55  60  50
0342  60  60  40  55  40  70
0344  40  40  50  60  60  60
0346  60  40  60  50  60  40
0347  30  50  45  40  55  30
0348  40  70  40  60  45  70
0349  30  40  45  40  50  30
0351  40  50  50  50  55  40
0352  40  70  35  50  45  40
0354  40  60  40  50  50  40
0355  30  50  45  45  45  50
0356  30  50  40  60  55  40
0357  70  60  40  45  50  30
0358  50  40  40  50  45  50
0360  40  50  45  65  50  70
0361  40  60  50  50  50  50
0362  50  40  50  50  50  50
0365  30  60  45  35  50  30
0366  50  70  60  55  55  60
0367  40  50  35  65  50  60
0368  60  40  30  65  45  70
0371  30  60  30  45  40  40
0374  30  40  50  40  55  30
0376  60  50  40  45  45  40
0378  30  60  30  60  50  50
0381  40  80  50  60  55  60
0385  30  60  50  65  70  50
0386  60  50  40  45  45  40
0387  50  50  35  45  45  40
0390  40  50  40  55  50  60
0392  30  70  45  55  50  50
0393  40  50  50  45  45  50
0394  40  40  30  35  35  30
0395  40  60  40  55  45  60
0397  50  40  45  40  40  40
0404  30  40  40  40  40  30
0405  50  40  35  45  45  30
0406  30  40  50  45  45  40
0408  50  40  40  50  50  40
0409  50  50  40  50  45  50
0410  40  60  50  50  50  50
0413  40  50  30  50  45  40
0414  50  60  40  40  40  30
0416  40  50  60  50  50  50
0417  30  60  30  45  40  40
0419  30  40  50  55  65  50
0420  40  50  40  40  45  30
0421  40  40  40  60  65  40
0422  30  50  40  40  40  40
0424  50  50  40  50  45  50
0425  40  50  50  45  50  40
0426  30  50  35  50  40  50
0427  30  40  45  50  45  50
0428  50  40  45  50  50  40
0430  30  50  40  45  35  50
0433  60  70  45  45  50  40
0434  40  40  40  60  35  80
0435  40  50  45  55  50  40
0437  30  50  40  45  35  50
0438  40  50  45  45  50  30
0439  30  70  45  45  40  40
0446  50  50  50  60  55  50
0447  30  50  45  60  60  50
0448  40  50  50  45  55  30
0450  40  60  45  45  50  40
0452  50  40  45  45  40  40
0453  50  60  35  40  45  30
0454  40  50  45  40  35  40
0455  40  60  45  40  50  30
0457  70  50  45  50  55  40
0460  30  60  50  55  50  60
0461  50  60  45  60  50  60
0463  40  60  40  45  40  50
0465  60  50  45  40  45  40
0467  50  50  45  35  45  30
0469  40  80  50  50  55  60
0470  50  40  45  35  40  30
0471  40  40  45  50  45  50
0473  50  50  40  60  50  60
0474  40  50  50  40  45  30
0476  80  50  40  60  50  60
0478  30  60  35  45  40  40
0480  40  70  50  50  50  40
0482  50  40  30  40  40  30
0484  40  60  65  50  50  50
0487  40  60  45  45  35  50
0489  60  40  45  55  60  40
0491  60  60  55  45  45  50
0493  50  50  40  50  40  60
0494  40  40  35  55  45  50
0495  70  60  30  50  40  50
0496  50  60  35  50  40  50
0497  50  60  45  45  50  40
0498  30  60  45  45  50  40
0499  40  40  45  40  50  40
0500  40  60  35  35  40  30
0501  50  40  40  55  45  50
0502  40  60  55  55  60  40
0504  60  40  40  55  60  40
0507  50  50  50  45  45  50
0509  30  50  50  45  45  50
0511  50  40  40  45  50  40
0514  50  40  50  55  60  50
0515  40  70  55  45  45  40
0516  40  60  40  50  45  40
0518  50  50  45  45  45  40
0519  40  70  50  50  60  40
0521  50  40  70  65  65  60
0522  40  60  45  40  45  30
0523  50  60  35  40  35  40
0524  30  70  40  35  45  30
0525  40  40  35  55  40  60
0527  40  40  30  40  40  30
0529  40  50  40  55  50  50
0530  40  50  40  60  50  60
0531  50  40  45  50  45  50
0534  40  50  45  40  45  40
0535  50  40  35  45  40  40
0537  50  70  40  45  45  50
0538  50  50  50  50  40  50
0539  40  70  45  50  50  50
0540  40  50  40  45  40  40
0541  30  50  45  55  55  50
0543  40  50  45  50  50  50
0545  50  50  35  50  45  40
0546  40  70  35  50  40  50
0547  50  50  35  60  40  70
0549  50  50  40  70  55  60
0551  70  50  55  45  60  30
0552  50  40  50  50  40  50
0555  60  50  40  50  45  50
0556  50  60  45  45  50  40
0559  50  50  50  45  45  40
0560  40  40  35  40  35  40
0561  50  40  40  45  40  40
0562  30  40  45  45  45  50
0563  40  60  45  45  45  40
0564  40  50  45  45  40  40
0567  50  50  55  45  50  50
0568  50  60  50  45  50  40
0569  30  40  40  70  60  60
0571  50  70  30  40  40  30
0572  60  60  40  55  60  40
0573  50  60  40  65  50  60
0574  50  60  45  50  45  50
0575  40  60  35  50  45  40
0576  40  50  50  50  50  40
0578  60  50  35  45  40  40
0581  60  50  55  50  65  30
0582  50  50  40  50  50  40
0584  60  50  45  50  35  60
0585  40  40  45  55  50  50
0587  40  50  40  55  50  60
0588  60  50  40  45  55  30
0589  70  70  35  35  40  30
0591  40  50  35  40  45  30
0593  40  40  50  50  50  50
0595  40  50  40  45  55  30
0596  70  70  50  60  60  50
0599  40  60  45  50  55  40
0600  50  40  35  50  45  50
0602  60  60  35  50  50  40
0603  50  40  45  40  45  40
0608  50  70  55  55  55  60
0610  30  50  45  40  45  30
0613  60  40  35  45  50  30
0615  40  40  50  55  60  60
0616  40  50  40  50  40  50
0617  40  40  40  55  55  50
0620  50  40  35  50  45  40
0622  40  60  40  35  40  30
0624  40  50  55  55  50  50
0625  50  60  45  50  55  50
0626  40  40  45  40  35  40
0631  40  50  40  55  50  50
0632  30  50  40  40  40  40
0633  50  60  55  50  60  40
0634  40  60  35  60  55  50
0638  70  70  40  65  50  70
0640  30  60  35  45  40  40
0641  50  40  45  55  55  50
0642  50  80  45  50  40  50
0643  60  40  50  50  45  50
0644  40  70  50  50  60  40
0647  40  40  50  65  60  50
0648  50  40  45  45  40  50
0650  40  40  60  60  65  50
0651  40  50  45  55  55  40
0652  50  50  45  55  50  40
0653  50  40  50  55  60  50
0654  30  50  55  45  55  40
0655  30  40  50  50  35  60
0659  50  50  40  50  50  50
0660  30  50  45  45  45  30
0661  60  50  50  60  55  60
0662  50  70  35  40  35  40
0663  60  50  30  40  35  40
0666  60  60  45  55  50  60
0668  50  50  45  45  40  50
0669  60  60  50  55  50  60
0674  50  50  35  50  45  40
0676  30  40  45  45  45  40
0677  60  40  55  45  45  40
0678  60  40  40  50  50  40
0679  30  60  40  50  40  60
0681  30  70  45  40  45  30
0685  40  60  45  50  50  40
0688  60  60  45  65  65  60
0690  30  50  35  45  45  40
0692  50  50  55  50  50  50
0693  40  50  45  50  55  50
0694  30  50  35  45  40  40
0696  40  40  45  60  50  70
0698  40  50  50  40  40  40
0699  30  50  40  45  50  40
0700  30  60  45  40  40  40
0702  30  40  50  50  50  50
0703  60  50  40  45  45  40
0705  60  50  45  50  50  40
0706  40  40  55  75  70  70
0707  50  40  50  45  55  40
0710  30  50  50  40  50  30
0711  60  40  60  55  55  60
0712  40  50  50  45  50  40
0713  60  50  40  60  50  50
0714  50  40  55  50  55  40
0715  50  60  50  50  65  30
0717  40  60  40  60  50  50
0720  40  50  45  60  50  60
0721  40  60  35  40  40  40
0723  40  40  45  50  35  60
0724  50  40  35  40  40  40
0727  50  50  55  45  60  40
0728  50  40  60  50  65  40
0729  50  50  45  55  50  50
0732  50  60  40  35  35  30
0733  40  50  45  50  50  40
0734  50  50  45  40  50  40
0735  30  40  35  50  45  50
0740  30  50  40  55  50  50
0741  40  60  40  50  45  60
0745  40  50  50  65  55  60
0748  40  50  45  50  50  60
0750  60  50  60  45  45  50
0751  40  60  50  40  45  40
0752  60  40  45  45  50  40
0754  50  60  35  40  45  30
0755  40  40  40  45  50  40
0756  60  50  45  40  45  30
0757  40  60  35  60  45  60
0759  50  40  45  50  50  50
0760  50  50  50  40  50  30
0762  30  50  40  55  40  60
0763  30  50  50  45  50  40
0764  30  50  50  50  55  40
0766  60  60  35  60  50  60
0768  60  50  35  40  40  40
0770  40  40  55  60  65  60
0771  60  50  45  45  45  40
0773  40  40  45  50  50  50
0774  70  40  65  60  55  70
0776  40  90  45  50  45  50
0777  30  50  40  65  60  50
0779  40  50  40  45  45  40
0780  30  50  50  50  45  50
0781  40  50  40  65  45  80
0782  40  40  55  40  55  30
0784  40  40  40  45  45  40
0786  30  40  35  55  45  50
0787 100 100 100 100 100 100
0789  40  50  40  55  60  40
0790  40  40  30  45  45  30
0791  70  40  45  50  45  50
0792  50  40  60  40  40  40
0794  50  50  40  55  50  50
0795  40  40  50  55  60  40
0800  30  60  35  50  40  60
0801  40  50  45  45  50  40
0805  30  50  45  40  50  30
0806  60  60  40  55  60  40
0807  40  50  45  45  40  50
0808  40  40  45  40  45  30
0809  50  50  45  40  45  30
0811  50  50  45  45  55  40
0812  50  40  45  55  50  50
0813  50  60  40  45  40  40
0815  50  50  45  40  40  30
0816  40  40  45  50  45  50
0818  40  50  50  55  55  50
0819  60  60  45  50  50  40
0820  30  60  35  65  45  70
0822  60  60  45  50  55  50
0823  30  60  40  45  45  50
0824  30  50  35  35  40  30
0825  40  70  40  55  45  60
0826  40  40  40  50  50  40
0828  40  40  35  50  45  40
0829  40  70  40  50  45  50
0830  50  70  40  45  50  40
0831  50  50  35  55  45  60
0832  30  40  45  45  45  40
0833  40  60  50  45  45  50
0836  70  60  45  60  55  60
0838  50  50  40  45  50  30
0839  40  70  50  45  55  40
0841  40  40  45  45  45  40
0844  40  70  55  50  60  40
0846  50  50  50  40  50  40
0847  40  40  35  45  45  40
0849  60  60  45  55  45  60
0850  30  50  35  50  50  30
0857  60  50  40  50  45  50
0858  50  40  40  35  40  30
0860  40  50  65  45  60  30
0861  40  40  45  55  60  30
0865  50  40  55  50  55  30
0866  40  60  40  55  60  30
0869  30  60  35  50  45  40
0871  30  70  35  50  40  50
0873  40  50  40  55  50  50
0877  50  50  45  35  40  30
0880  40  60  35  40  40  30
0881  50  40  35  75  55  80
0882  40  50  35  50  40  50
0885  50  50  35  40  35  40
0886  70  50  35  40  45  30
0887  30  50  50  45  60  30
0890  30  40  50  45  50  40
0891  40  60  40  45  40  50
0892  30  40  45  50  60  30
0893  60  50  40  50  60  30
0894  30  50  60  40  55  30
0898  60  60  40  45  45  40
0899  50  70  40  45  50  40
0901  50  50  45  45  45  50
0902  60  50  35  45  50  30
0903  30  50  40  50  50  40
0904  40  50  40  45  45  40
0905  50  60  40  55  55  40
0907  50  50  35  40  45  30
0909  50  60  50  45  55  30
0911  40  50  35  45  35  50
0914  40  60  45  45  40  50
0915  30  50  45  35  45  30
0917  50  60  55  45  55  40
0918  40  70  40  40  45  40
0919  50  50  50  45  45  50
0921  50  60  45  60  50  70
0922  40  40  40  45  45  40
0925  40  50  40  60  50  60
0926  40  60  40  40  40  40
0928  50  50  50  55  50  50
0930  30  50  45  45  50  40
0931  30  50  40  45  40  50
0933  50  40  30  45  40  40
0934  50  50  45  40  40  40
0935  30  50  50  40  50  30
0937  30  60  50  45  45  50
0939  40  50  45  40  50  30
0940  40  50  65  40  60  30
0941  40  50  50  50  60  50
0942  50  50  50  35  45  30
0944  30  50  30  60  45  60
0945  40  40  35  45  45  40
0946  60  50  40  45  50  30
0949  50  60  45  40  50  30
0950  30  60  40  40  35  40
0951  30  50  45  55  50  60
0952  50  50  30  55  45  50
0954  30  60  45  55  55  40
0956  40  60  35  45  45  40
0957  40  40  50  45  60  30
0958  60  70  45  55  55  60
0960  30  40  35  50  45  50
0962  50  50  35  55  35  70
0963  70  50  40  40  40  40
0964  40  50  40  45  50  30
0967  40  70  40  50  55  30
0969  50  40  40  35  45  30
0970  40  50  40  50  45  40
0972  40  50  45  45  45  40
0973  60  60  40  60  55  50
0977  40  60  35  45  40  50
0978  70  40  35  55  50  50
0981  40  70  35  40  35  40
0982  40  70  40  50  45  40
0983  50  40  35  65  50  70
0984  30  40  45  45  50  40
0985  40  50  45  45  45  40
0986  30  40  45  45  50  40
0987  30  40  55  55  55  70
0990  30  80  50  55  45  60
0991  60  40  55  45  55  40
0992  40  50  30  45  35  50
0994  30  50  40  50  60  30
0995  50  50  40  40  45  30
0997  40  60  45  45  40  50
0998  40  40  30  50  45  40
1001  40  50  45  50  55  40
1003  30  40  50  50  50  50
1004  50  50  45  65  75  40
1007  30  60  40  40  40  40
1008  50  70  55  50  50  50
1009  60  70  55  45  50  40
1010  60  60  40  50  50  50
1011  50  50  40  45  50  40
1012  50  50  40  40  45  30
1013  30  70  50  50  55  50
1018  70  40  50  45  50  40
1019  40  60  30  50  45  40
1020  50  70  40  50  50  50
1021  30  60  60  55  55  60
1023  30  60  45  55  50  50
1024  30  40  30  45  40  40
1025  60  70  60  40  50  40
1026  40  50  35  35  40  30
1027  60  60  50  55  50  60
1028  30  50  45  50  55  40
1030  50  50  45  55  45  70
1031  40  50  50  50  45  50
1036  50  50  40  35  35  30
1038  50  40  50  40  45  30
1039  40  60  50  55  55  50
1040  40  40  45  55  55  50
1042  30  50  35  45  40  40
1043  50  60  50  45  50  50
1044  40  50  50  45  50  50
1048  30  50  40  40  45  40
1049  40  60  35  45  35  50
1052  50  40  35  45  40  50
1053  50  40  35  35  40  30
1055  60  60  35  45  45  40
1056  50  60  35  45  40  40
1057  30  60  40  55  50  60
1058  40  50  50  50  35  60
1060  40  60  40  60  50  70
1061  30  50  40  60  55  50
1062  40  40  55  55  60  40
1063  60  60  40  45  45  40
1066  40  40  45  45  40  50
1068  40  50  40  45  45  40
1070  50  60  45  45  50  50
1071  40  50  45  45  45  50
1073  50  40  55  45  45  50
1076  40  60  45  50  50  40
1078  70  50  45  50  45  50
1081  40  40  55  55  55  50
1082  70  50  40  50  45  50
1084  30  60  40  50  50  40
1086  40  60  40  50  50  40
1088  30  40  60  55  60  50
1089  40  40  35  55  45  50
1092  50  50  50  35  40  30
1093  70  60  30  60  45  60
1095  40  60  55  35  45  30
1096  30  50  35  50  45  50
1097  40  40  50  35  45  30
1098  40  60  50  45  50  30
1100  30  50  50  35  45  30
1101  30  70  45  55  50  50
1102  50  50  40  50  45  50
1103  50  50  35  45  40  50
1104  40  50  35  35  35  30
1105  50  50  45  40  40  40
1106  60  60  45  45  50  30
1107  30  50  50  40  45  40
1108  40  40  45  45  45  40
1112  50  50  40  50  45  50
1114  30  50  40  45  45  40
1115  40  40  55  45  55  40
1116  50  50  40  45  50  40
1120  30  40  50  45  45  40
1121  60  70  50  40  55  30
1123  40  60  35  40  45  30
1124  40  50  45  40  45  30
1125  40  40  40  55  45  60
1128  30  40  30  40  40  30
1130  40  60  45  50  55  40
1131  40  50  40  65  60  50
1133  40  50  45  45  45  50
1134  60  50  45  40  40  40
1135  60  40  45  40  45  30
1137  50  40  50  50  50  50
1138  60  40  45  50  50  50
1139  40  60  45  50  55  40
1141  40  60  50  40  40  40
1144  40  40  35  35  40  30
1145  40  60  50  45  50  40
1146  30  40  35  50  55  30
1148  30  50  60  40  50  30
1149  50  60  40  50  35  60
1152  30  60  45  55  50  50
1153  50  40  40  50  40  50
1154  60  40  45  55  45  70
1156  30  60  35  50  55  30
1158  40  40  55  40  55  30
1159  50  40  50  55  60  40
1161  40  40  45  50  50  50
1163  40  60  45  70  55  80
1167  40  60  65  45  65  30
1168  30  70  45  45  45  40
1169  30  50  40  40  40  40
1170  50  60  30  55  45  50
1171  60  40  40  40  45  30
1175  60  40  40  50  40  60
1176  50  70  40  35  45  30
1177  40  60  40  40  35  40
1178  30  40  40  55  50  50
1180  40  60  55  45  55  40
1183  30  60  55  50  50  50
1186  40  40  40  40  45  30
1187  60  40  45  40  45  40
1188  50  40  40  45  45  40
1190  30  80  40  50  45  50
1192  30  50  35  55  45  60
1193  50  50  35  55  45  60
1195  40  50  45  50  45  50
1196  50  50  50  45  50  40
1197  40  50  40  45  40  40
1199  60  50  40  65  45  80
1202  30  50  35  40  40  40
1203  30  60  45  45  45  40
1206  40  40  45  40  45  30
1207  40  40  40  45  50  30
1209  40  50  35  55  45  50
1210  40  80  50  50  40  60
1211  40  60  40  40  45  30
1214  40  70  35  40  45  30
1216  50  50  35  35  40  30
1217  50  40  40  50  50  40
1218  50  40  45  45  55  30
1221  50  70  50  50  50  60
1222  60  40  40  45  35  50
1223  50  40  30  40  35  40
1224  50  40  40  40  50  30
1226  60  50  45  55  50  50
1228  40  60  40  40  45  40
1230  50  40  45  50  45  60
1231  50  40  30  60  55  40
1232  50  50  60  50  65  40
1233  40  70  60  45  50  40
1234  50  40  45  50  50  50
1236  40  60  40  40  40  40
1238  30  60  50  60  65  50
1241  50  60  40  50  50  40
1245  50  70  45  50  50  50
1246  50  40  45  50  40  50
1248  80  60  45  50  50  50
1249  50  50  40  40  45  30
1250  50  50  40  45  50  40
1251  30  50  40  40  40  40
1252  50  60  35  60  45  60
1254  40  60  35  45  50  30
1255  40  60  35  50  45  40
1256  50  50  50  60  60  40
1257  60  50  45  50  50  50
1259  30  60  35  45  50  30
1260  50  40  50  40  55  30
1262  40  60  50  40  45  40
1263  40  60  50  45  55  30
1265  40  50  40  45  50  40
1267  60  40  55  45  50  50
1268  30  50  50  45  45  40
1269  30  40  45  50  50  50
1271  40  60  35  40  40  30
1272  50  50  40  60  55  50
1280  30  60  45  40  45  30
1281  50  70  30  50  45  40
1284  40  60  30  50  40  50
1285  30  50  55  45  50  40
1286  50  40  40  45  45  40
1288  60  50  35  40  40  30
1290  40  50  40  50  45  50
1291  40  50  45  50  45  60
1292  40  50  35  55  40  60
1294  30  60  45  55  40  60
1297  30  60  55  55  55  50
1298  40  50  45  50  55  30
1299  70  60  35  35  35  30
1300  50  50  45  55  45  70
1302  40  50  35  40  35  40
1303  30  60  40  40  45  30
1305  40  50  40  55  50  50
1307  60  40  40  55  55  50
1308  50  60  40  60  55  50
1309  60  70  35  50  45  40
1313  50  50  45  45  40  40
1314  50  50  40  40  40  30
1315  40  50  50  45  45  50
1316  30  50  40  45  55  30
1320  50  40  35  35  35  30
1322  30  50  40  45  40  50
1324  50  40  50  40  50  30
1325  70  60  35  40  45  30
1327  40  70  40  55  50  50
1328  50  50  45  60  50  60
1329  50  60  35  55  45  50
1330  40  50  45  40  50  30
1333  50  50  35  40  40  40
1334  50  50  50  50  60  30
1335  50  60  35  45  45  40
1336  40  50  60  45  60  40
1341  40  50  40  55  60  40
1342  60  40  60  40  55  40
1343  40  50  60  45  55  40
1344  60  60  35  35  35  30
1345  50  50  35  40  35  40
1347  60  60  35  40  40  40
1352  60  60  35  45  45  40
1353  40  60  45  60  45  60
1354  60  50  35  45  45  40
1355  30  50  30  45  45  30
1358  40  60  45  45  45  40
1360  50  50  40  55  45  50
1361  40  60  50  65  55  70
1363  40  50  50  50  50  50
1364  50  70  65  45  55  30
1369  40  60  45  55  45  70
1373  30  50  45  50  45  60
1374  50  60  30  60  45  60
1375  40  50  45  45  40  50
1376  30  40  55  50  45  50
1377  40  70  45  50  45  50
1378  60  50  50  50  45  60
1379  30  60  35  45  45  40
1380  70  40  45  45  45  40
1381  40  60  30  40  40  30
1383  30  40  45  55  50  50
1384  30  40  45  45  45  40
1387  30  50  35  40  40  40
1388  50  50  50  45  45  40
1391  40  70  40  65  55  60
1392  30  60  30  40  35  40
1393  70  60  30  40  35  40
1396  30  50  55  50  65  40
1397  70  40  35  50  50  40
1401  40  50  35  45  45  30
1402  50  50  55  40  60  30
1404  40  60  45  55  45  70
1405  30  50  45  45  50  40
1406  60  60  45  40  45  40
1408  60  50  40  55  60  40
1410  30  40  55  50  50  40
1411  50  50  45  35  40  30
1413  50  60  40  60  55  50
1415  30  60  55  45  45  50
1416  40  70  50  60  60  50
1418  40  50  35  50  45  40
1420  40  50  40  55  45  50
1421  40  50  45  40  50  30
1422  50  80  55  55  50  60
1423  30  60  50  55  50  50
1424  30  50  55  60  60  50
1427  40  80  40  60  55  50
1431  80  50  50  35  45  30
1432  30  50  35  50  45  40
1437  50  40  35  50  50  40
1438  60  70  50  50  50  50
1439  40  50  40  55  50  50
1441  50  60  45  55  55  40
1444  50  50  55  45  60  40
1445  40  60  50  65  70  60
1446  40  50  45  45  40  50
1447  30  50  50  35  40  30
1448  40  50  45  45  40  50
1450  40  50  55  45  50  50
1454  50  50  55  50  50  60
1456  30  50  60  55  65  50
1457  40  40  40  65  55  60
1458  40  50  40  45  40  50
1461  60  50  30  40  35  40
1462  30  80  45  60  65  50
1463  40  60  35  50  50  40
1467  40  60  50  55  40  70
1468  40  60  45  45  40  50
1469  40  50  40  50  35  60
1471  60  50  35  60  50  50
1472  50  40  40  55  50  50
1473  70  50  40  45  50  40
1474  50  40  45  50  45  50
1475  40  60  40  45  40  50
1476  80  40  45  40  40  40
1477  30  80  35  45  50  30
1479  30  40  55  50  50  50
1481  40  40  35  50  35  60
1482  40  50  45  45  40  50
1483  30  40  35  45  35  50
1484  40  40  45  45  35  50
1485  50  70  40  45  50  40
1486  40  60  40  50  50  50
1487  40  60  40  50  40  50
1489  60  40  45  50  55  40
1492  40  60  35  55  45  60
1493  40  40  40  65  50  60
1494  40  50  35  45  35  50
1496  40  40  45  55  40  60
1498  50  80  45  50  40  60
1499  60  50  45  50  40  50
1500  40  60  30  50  40  50
1503  40  50  50  35  45  30
1504  50  60  30  55  55  30
1507  30  70  45  50  50  50
1509  40  40  55  35  50  30
1511  40  40  50  35  50  30
1513  40  50  55  60  70  50
1515  30  70  45  50  40  50
1516  50  40  40  45  45  30
1518  50  50  35  45  45  30
1519  50  60  45  55  40  60
1520  40  50  35  60  50  50
1523  40  50  40  50  40  50
1525  30  50  30  45  40  40
1529  50  70  45  55  55  60
1531  50  60  50  50  50  50
1532  50  50  40  45  45  40
1533  70  40  55  50  45  60
1534  30  60  45  50  55  40
1535  60  60  50  70  70  50
1536  30  40  45  40  45  40
1538  60  40  50  45  45  40
1539  40  50  40  50  45  50
1540  50  50  50  45  55  40
1541  30  60  40  50  50  40
1542  40  50  40  50  50  40
1543  70  50  40  50  40  60
1544  40  40  50  40  45  40
1548  50  70  45  40  55  30
1549  40  60  40  50  45  40
1550  30  60  45  50  45  50
1551  40  50  50  50  70  30
1554  40  40  50  65  60  60
1557  40  60  40  45  50  30
1559  70  40  35  45  45  30
1560  60  50  45  45  55  40
1561  30  50  35  40  40  40
1563  50  50  40  40  40  40
1567  30  40  40  40  40  30
1568  30  60  30  50  40  50
1571  30  60  40  60  50  50
1572  30  50  50  50  50  50
1573  40  50  40  40  40  40
1580  50  50  45  50  50  40
1581  50  70  35  35  40  30
1582  60  40  45  45  50  40
1587  40  50  40  60  55  50
1589  40  40  35  35  40  30
1590  50  60  30  50  45  40
1592  40  40  45  55  50  50
1594  30  70  35  45  35  50
1597  30  50  35  50  45  50
1598  30  50  45  55  40  70
1600  50  40  45  45  55  30
1601  40  40  40  50  55  30
1606  40  60  35  50  45  50
1607  40  40  60  50  70  30
1608  50  70  35  45  45  40
1609  30  50  50  55  45  70
1610  60  50  45  60  55  60
1612  40  50  45  50  60  30
1615  50  50  45  45  60  30
1616  50  40  40  70  65  50
1617  60  40  40  50  50  40
1621  30  50  45  55  45  60
1624  60  50  40  45  55  30
1625  30  60  45  45  55  40
1626  50  50  50  50  45  40
1627  40  60  55  40  45  40
1628  40  60  40  55  50  60
1634  60  70  35  50  35  60
1637  40  70  45  40  45  40
1638  40  50  55  40  45  40
1642  40  40  40  35  35  30
1644  40  50  45  55  60  40
1645  40  60  40  45  40  50
1646  30  50  40  45  40  50
1647  40  40  35  45  45  40
1648  60  40  40  40  40  40
1649  40  50  45  40  45  40
1654  30  40  50  55  65  40
1655  40  50  50  45  40  50
1656  60  40  40  50  50  50
1658  40  40  35  55  50  50
1662  50  60  45  45  50  30
1663  50  60  50  40  40  40
1665  40  50  40  50  45  40
1666  40  50  40  40  50  30
1670  70  50  30  60  45  60
1671  60  50  30  45  40  40
1674  30  50  35  40  40  40
1677  40  50  45  45  40  50
1680  30  60  35  40  35  40
1683  40  70  40  55  55  50
1684  40  50  55  65  60  70
1686  30  40  35  45  40  50
1689  30  70  40  55  60  40
1691  50  40  45  55  55  50
1692  30  60  60  40  65  30
1697  70  40  45  50  50  40
1699  50  40  45  40  50  30
1700  30  60  45  50  45  50
1702  50  50  40  50  55  40
1704  30  60  40  50  45  50
1706  30  50  35  45  40  40
1707  30  50  40  45  45  40
1709  40  50  35  50  45  40
1711  50  40  30  50  45  40
1713  40  50  40  50  45  50
1714  50  60  40  40  40  30
1715  40  50  45  35  40  30
1721  50  50  55  60  65  50
1723  40  50  45  40  40  40
1725  40  70  50  50  55  40
1726  40  60  60  45  55  40
1727  40  40  50  60  50  60
1728  50  50  45  40  50  30
1729  30  40  40  40  45  30
1730  40  40  55  45  50  50
1732  50  50  50  35  45  30
1733  30  70  50  45  45  50
1734  40  40  45  50  50  50
1736  40  50  50  40  55  30
1741  40  50  45  45  35  50
1742  50  60  35  45  40  50
1743  40  50  45  45  50  40
1744  50  40  30  50  40  50
1745  30  40  55  50  60  40
1746  30  70  35  50  40  50
1747  30  60  55  55  45  50
1748  60  50  45  45  45  40
1749  40  60  45  40  40  40
1750  60  50  30  50  40  50
1752  60  70  50  45  45  40
1755  30  40  45  45  50  30
1757  70  60  40  55  40  60
1759  50  50  35  45  45  30
1763  40  50  40  50  55  40
1765  40  60  60  40  50  40
1766  40  60  40  45  40  50
1771  50  70  45  35  50  30
1772  60  50  55  40  55  40
1774  30  40  55  50  50  40
1777  60  40  40  40  50  30
1781  30  70  50  50  55  30
1783  40  40  40  45  45  30
1785  50  70  45  55  40  60
1786  50  40  55  50  55  40
1787  50  60  45  45  45  40
1788  30  50  45  55  45  60
1791  30  50  35  55  50  50
1792  40  60  50  60  55  60
1794  40  60  35  50  50  40
1795  40  50  35  45  40  40
1798  30  50  45  60  60  50
1801  40  50  55  40  55  40
1802  30  70  55  45  50  40
1803  50  40  35  45  40  40
1804  40  70  60  55  60  50
1806  50  50  50  55  50  50
1807  60  40  50  50  55  40
1809  40  60  55  50  55  50
1810  40  50  45  45  50  40
1811  40  50  40  60  55  60
1812  50  60  35  55  55  40
1813  50  40  65  50  45  60
1815  40  60  50  50  50  40
1816  40  70  55  55  60  50
1819  40  40  35  50  50  40
1821  60  50  40  60  50  60
1822  40  60  40  50  45  50
1823  30  40  45  50  45  50
1824  30  40  55  60  45  60
1829  40  70  45  40  40  40
1830  30  70  40  45  40  40
1831  40  60  45  50  50  40
1832  40  40  50  60  60  70
1833  30  70  45  45  40  50
1835  50  50  40  40  40  40
1836  40  50  50  50  55  50
1838  50  50  45  50  55  40
1839  40  50  50  60  50  60
1840  30  60  35  45  40  40
1843  40  60  45  60  60  50
1844  40  60  45  40  45  30
1845  40  60  55  35  50  30
1847  50  70  50  60  60  40
1848  30  60  40  45  35  50
1850  40  60  45  50  55  40
1851  40  50  55  55  60  40
1853  40  70  50  35  45  30
1854  70  60  30  60  55  40
1855  50  60  40  50  40  60
1856  30  60  50  55  65  50
1858  40  50  45  50  50  50
1860  30  60  45  40  50  30
1861  40  50  45  50  45  60
1863  40  40  30  55  40  60
1864  40  50  50  35  50  30
1866  40  50  30  50  40  50
1867  40  40  60  45  50  50
1868  60  50  35  55  50  50
1869  40  40  40  40  45  40
1870  30  50  55  50  55  50
1871  40  40  55  35  45  30
1872  50  40  35  55  50  50
1873  50  70  40  45  35  50
1874  30  60  60  50  55  50
1876  30  50  50  50  55  40
1878  60  60  45  50  50  40
1880  50  70  40  40  45  30
1881  30  40  40  45  45  40
1883  50  50  60  45  60  40
1884  40  70  40  65  50  70
1885  40  60  40  55  55  50
1887  40  40  50  50  50  40
1888  40  90  50  45  55  40
1889  40  50  40  45  45  40
1890  60  40  40  45  45  40
1891  50  70  40  50  40  60
1892  30  50  40  50  50  40
1895  50  40  50  45  50  40
1896  40  70  55  50  60  40
1898  40  50  50  60  50  60
1899  70  40  35  55  45  60
1900  40  70  35  40  45  30
1903  30  50  40  40  45  30
1904  40  40  50  45  55  40
1910  50  50  40  50  50  40
1918  30  40  40  55  55  40
1919  30  50  45  55  55  50
1920  40  40  45  45  40  50
1921  30  50  60  50  65  30
1922  50  50  35  45  40  40
1923  30  60  55  55  65  40
1924  30  50  40  50  40  60
1925  60  50  50  40  55  30
1929  30  50  40  35  45  30
1930  60  50  35  45  50  30
1932  30  40  45  50  55  30
1933  50  40  55  60  65  50
1935  40  40  40  60  55  50
1936  70  50  55  45  50  40
1937  40  50  40  60  50  60
1940  30  40  40  50  50  50
1941  30  60  55  55  55  60
1943  50  70  50  45  55  30
1944  60  50  40  45  40  50
1948  40  50  45  50  50  50
1949  30  70  35  50  45  50
1950  60  40  55  45  45  50
1952  40  50  35  55  50  40
1953  40  40  55  50  50  60
1955  60  70  40  45  50  30
1956  40  70  45  50  55  40
1958  40  60  45  60  55  60
1960  60  50  45  45  45  50
1962  30  40  40  55  55  50
1963  50  60  30  40  40  30
1965  50  50  55  50  55  50
1966  40  50  40  55  40  60
1969  50  60  40  40  45  40
1970  60  70  30  45  40  40
1971  30  60  45  50  45  60
1972  40  50  40  55  50  60
1975  60  50  40  65  60  50
1976  40  40  45  50  50  40
1977  30  60  45  55  45  60
1978  50  50  45  55  70  30
1979  60  40  55  55  65  40
1982  40  50  50  45  45  50
1983  50  50  35  50  50  40
1984  70  60  35  50  40  50
1985  40  50  40  50  40  50
1986  60  40  40  50  50  50
1987  30  60  50  50  60  50
1988  40  60  50  50  60  40
1991  40  50  45  35  50  30
1996  40  50  45  55  45  60
1997  40  40  45  50  50  40
1999  60  40  45  45  40  50
